"-1 IS L. 1 IS R"
{1, -1, 1, -1, -1, 1, -1, 1, -1, -1, -1, 1, -1, 1, 1, 1, -1, -1, 1, -1, 1, -1, -1, 1, 1, -1, 1, -1, -1, 1, 1, -1, 1, -1, -1, -1, 1, -1, 1, 1, -1, 1, -1, 1, 1, -1, -1, -1, 1, 1, -1, 1, 1, 1, 1, -1, -1, -1, 1, -1, 1, 1, -1, 1, -1, -1, 1, -1, 1, 1, 1, -1, -1, 1, 1, -1, 1, 1, -1, 1, -1, -1, -1, 1, -1, -1, -1, 1, 1, -1, 1, 1, -1, 1, -1, 1, -1, 1, -1, -1, 1, -1, 1, 1, 1, 1, -1, -1, -1, -1, 1, -1, -1, -1, 1, 1, 1, 1, -1, -1, 1, 1, 1, -1, -1, 1, 1, -1, -1, 1, 1, -1, 1, -1, 1, -1, -1, -1, -1, 1, 1, -1, -1, 1, 1, -1, -1, 1, 1, 1, -1, 1, -1, 1, -1, -1, 1, 1, 1, -1, -1, 1, 1, 1, -1, 1, -1, -1, 1, -1, 1, -1, 1, 1, 1, 1, 1}->L1
{3,5,2,1,2,5,2,2,2,2,1,2,2,4,4,1,2,3,3,1,2,2,4,4,5,3,3,3,3,4,5,3,3,5,1,2,2,1,3,1,1,187,1,2,47,5,1,2,4,3,3,3,4,1,3,1,4,1,2,1,4,5,1,77,5,4,3,2,4,5,5,2,2,2,5,2,194,5,2,4,5,4,2,5,3,2,5,5,2,3,3,1,4,2,1,5,1,5,1,1,3,1,5,2,5,5,4,5,5,5,3,2,5,4,3,1,1,4,2,4,5,5,4,2,2,5,5,5,2,4,4,4,1,3,1,1,1,1,4,5,4,4,4,5,3,2,2,3,1,4,3,1,4,3,3,2,2,2,2,1,4,3,2,2,3,2,3,2,4,2,3,4,5,4,1,5,3}->L2
0->X
0->Y
0->F
For(I,1,dim(L1),1)
remainder(F+L1(I)+4,4)->F
If F=0
Then
Y+L2(I)->Y
Else
If F=1
Then
X+L2(I)->X
Else
If F=2
Then
Y-L2(I)->Y
Else
X-L2(I)->X
End
End
End
End
Disp abs(X)+abs(Y)
